16 8 2 10 11 3 9 9 15 4 14 9 6 13 3 4 8 SEQ=SHELL
16 4, 2, 9, 6, 3, 3, 4, 8, 8, 14, 10, 11, 13, 9, 9, 15 INCR=8
16 3, 2, 4, 6, 4, 3, 9, 8, 8, 9, 9, 11, 13, 14, 10, 15 INCR=4
16 3, 2, 4, 3, 4, 6, 8, 8, 9, 9, 9, 11, 10, 14, 13, 15 INCR=2
16 2, 3, 3, 4, 4, 6, 8, 8, 9, 9, 9, 10, 11, 13, 14, 15 INCR=1
16 8 2 10 11 3 9 9 15 4 14 9 6 13 3 4 8 SEQ=KNUTH
16 2, 3, 3, 4, 4, 6, 8, 8, 9, 9, 9, 10, 11, 13, 14, 15 INCR=13
16 2, 3, 3, 4, 4, 6, 8, 8, 9, 9, 9, 10, 11, 13, 14, 15 INCR=4
16 2, 3, 3, 4, 4, 6, 8, 8, 9, 9, 9, 10, 11, 13, 14, 15 INCR=1
16 8 2 10 11 3 9 9 15 4 14 9 6 13 3 4 8 SEQ=CIURA
16 2, 3, 3, 4, 4, 6, 8, 8, 9, 9, 9, 10, 11, 13, 14, 15 INCR=10
16 2, 3, 3, 4, 4, 6, 8, 8, 9, 9, 9, 10, 11, 13, 14, 15 INCR=4
16 2, 3, 3, 4, 4, 6, 8, 8, 9, 9, 9, 10, 11, 13, 14, 15 INCR=1
50 45 8 2 4 9 45 19 41 25 47 31 4 23 17 50 25 2 4 28 9 29 34 49 32 36 14 16 15 14 37 26 20 16 45 30 2 18 46 6 5 2 49 39 24 6 33 3 17 17 38 SEQ=SHELL
50 14, 8, 2, 4, 9, 26, 19, 16, 25, 30, 2, 4, 23, 6, 5, 2, 2, 4, 24, 6, 29, 3, 17, 17, 36, 45, 16, 15, 14, 37, 45, 20, 41, 45, 47, 31, 18, 46, 17, 50, 25, 49, 39, 28, 9, 33, 34, 49, 32, 38 INCR=25
50 14, 6, 2, 2, 2, 4, 19, 6, 9, 3, 2, 4, 18, 8, 5, 4, 9, 26, 24, 16, 25, 30, 17, 17, 23, 38, 16, 15, 14, 37, 39, 20, 29, 33, 34, 31, 32, 45, 17, 50, 25, 49, 45, 28, 41, 45, 47, 49, 36, 46 INCR=12
50 14, 6, 2, 2, 2, 4, 18, 6, 5, 3, 2, 4, 19, 8, 9, 4, 9, 17, 23, 16, 16, 15, 14, 26, 24, 20, 17, 30, 17, 31, 32, 28, 25, 33, 25, 37, 36, 38, 29, 45, 34, 49, 39, 45, 41, 50, 47, 49, 45, 46 INCR=6
50 2, 2, 2, 3, 2, 4, 4, 6, 4, 14, 6, 5, 15, 8, 9, 18, 9, 16, 19, 14, 17, 23, 16, 17, 24, 17, 25, 30, 20, 26, 32, 25, 29, 33, 28, 31, 36, 34, 37, 39, 38, 41, 45, 45, 49, 45, 46, 49, 50, 47 INCR=3
50 2, 2, 2, 2, 3, 4, 4, 4, 5, 6, 6, 8, 9, 9, 14, 14, 15, 16, 16, 17, 17, 17, 18, 19, 20, 23, 24, 25, 25, 26, 28, 29, 30, 31, 32, 33, 34, 36, 37, 38, 39, 41, 45, 45, 45, 46, 47, 49, 49, 50 INCR=1
50 45 8 2 4 9 45 19 41 25 47 31 4 23 17 50 25 2 4 28 9 29 34 49 32 36 14 16 15 14 37 26 20 16 45 30 2 18 46 6 5 2 49 39 24 6 33 3 17 17 38 SEQ=KNUTH
50 2, 2, 2, 2, 3, 4, 4, 4, 5, 6, 6, 8, 9, 9, 14, 14, 15, 16, 16, 17, 17, 17, 18, 19, 20, 23, 24, 25, 25, 26, 28, 29, 30, 31, 32, 33, 34, 36, 37, 38, 39, 41, 45, 45, 45, 46, 47, 49, 49, 50 INCR=40
50 2, 2, 2, 2, 3, 4, 4, 4, 5, 6, 6, 8, 9, 9, 14, 14, 15, 16, 16, 17, 17, 17, 18, 19, 20, 23, 24, 25, 25, 26, 28, 29, 30, 31, 32, 33, 34, 36, 37, 38, 39, 41, 45, 45, 45, 46, 47, 49, 49, 50 INCR=13
50 2, 2, 2, 2, 3, 4, 4, 4, 5, 6, 6, 8, 9, 9, 14, 14, 15, 16, 16, 17, 17, 17, 18, 19, 20, 23, 24, 25, 25, 26, 28, 29, 30, 31, 32, 33, 34, 36, 37, 38, 39, 41, 45, 45, 45, 46, 47, 49, 49, 50 INCR=4
50 2, 2, 2, 2, 3, 4, 4, 4, 5, 6, 6, 8, 9, 9, 14, 14, 15, 16, 16, 17, 17, 17, 18, 19, 20, 23, 24, 25, 25, 26, 28, 29, 30, 31, 32, 33, 34, 36, 37, 38, 39, 41, 45, 45, 45, 46, 47, 49, 49, 50 INCR=1
50 45 8 2 4 9 45 19 41 25 47 31 4 23 17 50 25 2 4 28 9 29 34 49 32 36 14 16 15 14 37 26 20 16 45 30 2 18 46 6 5 2 49 39 24 6 33 3 17 17 38 SEQ=CIURA
50 2, 2, 2, 2, 3, 4, 4, 4, 5, 6, 6, 8, 9, 9, 14, 14, 15, 16, 16, 17, 17, 17, 18, 19, 20, 23, 24, 25, 25, 26, 28, 29, 30, 31, 32, 33, 34, 36, 37, 38, 39, 41, 45, 45, 45, 46, 47, 49, 49, 50 INCR=57
50 2, 2, 2, 2, 3, 4, 4, 4, 5, 6, 6, 8, 9, 9, 14, 14, 15, 16, 16, 17, 17, 17, 18, 19, 20, 23, 24, 25, 25, 26, 28, 29, 30, 31, 32, 33, 34, 36, 37, 38, 39, 41, 45, 45, 45, 46, 47, 49, 49, 50 INCR=23
50 2, 2, 2, 2, 3, 4, 4, 4, 5, 6, 6, 8, 9, 9, 14, 14, 15, 16, 16, 17, 17, 17, 18, 19, 20, 23, 24, 25, 25, 26, 28, 29, 30, 31, 32, 33, 34, 36, 37, 38, 39, 41, 45, 45, 45, 46, 47, 49, 49, 50 INCR=10
50 2, 2, 2, 2, 3, 4, 4, 4, 5, 6, 6, 8, 9, 9, 14, 14, 15, 16, 16, 17, 17, 17, 18, 19, 20, 23, 24, 25, 25, 26, 28, 29, 30, 31, 32, 33, 34, 36, 37, 38, 39, 41, 45, 45, 45, 46, 47, 49, 49, 50 INCR=4
50 2, 2, 2, 2, 3, 4, 4, 4, 5, 6, 6, 8, 9, 9, 14, 14, 15, 16, 16, 17, 17, 17, 18, 19, 20, 23, 24, 25, 25, 26, 28, 29, 30, 31, 32, 33, 34, 36, 37, 38, 39, 41, 45, 45, 45, 46, 47, 49, 49, 50 INCR=1
98 93 82 83 89 11 91 88 48 34 98 14 37 84 16 4 45 74 76 33 79 89 10 26 72 73 59 42 56 3 57 42 51 71 5 44 18 48 84 90 50 88 46 75 85 92 35 40 48 72 10 69 68 75 54 58 9 50 81 78 17 93 79 71 70 84 54 26 44 36 53 54 94 5 52 73 59 9 52 24 23 61 85 24 90 90 30 74 78 17 14 92 24 29 56 62 81 5 24 SEQ=SHELL
98 10, 69, 68, 75, 11, 58, 9, 48, 34, 78, 14, 37, 79, 16, 4, 45, 54, 26, 33, 36, 53, 10, 26, 5, 52, 59, 42, 9, 3, 24, 23, 51, 71, 5, 44, 18, 30, 74, 78, 17, 14, 46, 24, 29, 56, 35, 40, 5, 24, 93, 82, 83, 89, 54, 91, 88, 50, 81, 98, 17, 93, 84, 71, 70, 84, 74, 76, 44, 79, 89, 54, 94, 72, 73, 73, 59, 56, 52, 57, 42, 61, 85, 24, 90, 90, 48, 84, 90, 50, 88, 92, 75, 85, 92, 62, 81, 48, 72 INCR=49
98 10, 59, 42, 9, 3, 24, 9, 42, 34, 5, 14, 17, 30, 16, 4, 17, 14, 26, 24, 29, 53, 10, 26, 5, 24, 69, 68, 59, 11, 52, 23, 48, 50, 78, 24, 18, 79, 48, 71, 45, 50, 46, 33, 36, 56, 35, 40, 5, 48, 72, 73, 75, 56, 54, 57, 51, 61, 81, 44, 37, 90, 74, 78, 70, 54, 74, 76, 44, 79, 89, 54, 81, 52, 73, 82, 83, 89, 58, 91, 88, 71, 85, 98, 90, 93, 84, 84, 90, 84, 88, 92, 75, 85, 92, 62, 94, 72, 93 INCR=24
98 10, 16, 4, 9, 3, 24, 9, 29, 34, 5, 14, 5, 24, 48, 42, 17, 11, 26, 23, 36, 50, 10, 24, 5, 30, 59, 68, 45, 14, 46, 24, 42, 53, 35, 26, 17, 48, 69, 71, 59, 50, 52, 33, 44, 56, 78, 40, 18, 52, 72, 73, 70, 54, 54, 57, 48, 61, 81, 44, 37, 72, 73, 78, 75, 56, 58, 76, 51, 71, 85, 54, 81, 79, 74, 82, 83, 84, 74, 91, 75, 79, 89, 62, 90, 90, 84, 84, 90, 89, 88, 92, 88, 85, 92, 98, 94, 93, 93 INCR=12
98 9, 16, 4, 5, 3, 5, 10, 29, 34, 9, 11, 5, 23, 36, 42, 10, 14, 17, 24, 42, 50, 17, 14, 18, 24, 44, 53, 35, 24, 24, 30, 48, 56, 45, 26, 26, 33, 48, 61, 59, 40, 37, 48, 51, 68, 70, 44, 46, 52, 59, 71, 75, 50, 52, 57, 69, 71, 78, 54, 54, 72, 72, 73, 81, 54, 58, 76, 73, 78, 83, 56, 74, 79, 74, 79, 85, 62, 81, 90, 75, 82, 89, 84, 88, 91, 84, 84, 90, 89, 90, 92, 88, 85, 92, 98, 94, 93, 93 INCR=6
98 5, 3, 4, 9, 11, 5, 9, 14, 5, 10, 14, 17, 10, 16, 18, 17, 24, 24, 23, 26, 26, 24, 29, 34, 24, 36, 37, 30, 40, 42, 33, 42, 46, 35, 44, 50, 45, 44, 52, 48, 48, 53, 52, 48, 54, 57, 50, 56, 59, 51, 58, 70, 54, 61, 72, 54, 68, 75, 56, 71, 76, 59, 71, 78, 62, 73, 79, 69, 74, 81, 72, 78, 83, 73, 79, 85, 74, 81, 89, 75, 82, 90, 84, 84, 90, 84, 85, 91, 88, 88, 92, 89, 90, 92, 93, 94, 93, 98 INCR=3
98 3, 4, 5, 5, 5, 9, 9, 10, 10, 11, 14, 14, 16, 17, 17, 18, 23, 24, 24, 24, 24, 26, 26, 29, 30, 33, 34, 35, 36, 37, 40, 42, 42, 44, 44, 45, 46, 48, 48, 48, 50, 50, 51, 52, 52, 53, 54, 54, 54, 56, 56, 57, 58, 59, 59, 61, 62, 68, 69, 70, 71, 71, 72, 72, 73, 73, 74, 74, 75, 75, 76, 78, 78, 79, 79, 81, 81, 82, 83, 84, 84, 84, 85, 85, 88, 88, 89, 89, 90, 90, 90, 91, 92, 92, 93, 93, 94, 98 INCR=1
98 93 82 83 89 11 91 88 48 34 98 14 37 84 16 4 45 74 76 33 79 89 10 26 72 73 59 42 56 3 57 42 51 71 5 44 18 48 84 90 50 88 46 75 85 92 35 40 48 72 10 69 68 75 54 58 9 50 81 78 17 93 79 71 70 84 54 26 44 36 53 54 94 5 52 73 59 9 52 24 23 61 85 24 90 90 30 74 78 17 14 92 24 29 56 62 81 5 24 SEQ=KNUTH
98 3, 4, 5, 5, 5, 9, 9, 10, 10, 11, 14, 14, 16, 17, 17, 18, 23, 24, 24, 24, 24, 26, 26, 29, 30, 33, 34, 35, 36, 37, 40, 42, 42, 44, 44, 45, 46, 48, 48, 48, 50, 50, 51, 52, 52, 53, 54, 54, 54, 56, 56, 57, 58, 59, 59, 61, 62, 68, 69, 70, 71, 71, 72, 72, 73, 73, 74, 74, 75, 75, 76, 78, 78, 79, 79, 81, 81, 82, 83, 84, 84, 84, 85, 85, 88, 88, 89, 89, 90, 90, 90, 91, 92, 92, 93, 93, 94, 98 INCR=40
98 3, 4, 5, 5, 5, 9, 9, 10, 10, 11, 14, 14, 16, 17, 17, 18, 23, 24, 24, 24, 24, 26, 26, 29, 30, 33, 34, 35, 36, 37, 40, 42, 42, 44, 44, 45, 46, 48, 48, 48, 50, 50, 51, 52, 52, 53, 54, 54, 54, 56, 56, 57, 58, 59, 59, 61, 62, 68, 69, 70, 71, 71, 72, 72, 73, 73, 74, 74, 75, 75, 76, 78, 78, 79, 79, 81, 81, 82, 83, 84, 84, 84, 85, 85, 88, 88, 89, 89, 90, 90, 90, 91, 92, 92, 93, 93, 94, 98 INCR=13
98 3, 4, 5, 5, 5, 9, 9, 10, 10, 11, 14, 14, 16, 17, 17, 18, 23, 24, 24, 24, 24, 26, 26, 29, 30, 33, 34, 35, 36, 37, 40, 42, 42, 44, 44, 45, 46, 48, 48, 48, 50, 50, 51, 52, 52, 53, 54, 54, 54, 56, 56, 57, 58, 59, 59, 61, 62, 68, 69, 70, 71, 71, 72, 72, 73, 73, 74, 74, 75, 75, 76, 78, 78, 79, 79, 81, 81, 82, 83, 84, 84, 84, 85, 85, 88, 88, 89, 89, 90, 90, 90, 91, 92, 92, 93, 93, 94, 98 INCR=4
98 3, 4, 5, 5, 5, 9, 9, 10, 10, 11, 14, 14, 16, 17, 17, 18, 23, 24, 24, 24, 24, 26, 26, 29, 30, 33, 34, 35, 36, 37, 40, 42, 42, 44, 44, 45, 46, 48, 48, 48, 50, 50, 51, 52, 52, 53, 54, 54, 54, 56, 56, 57, 58, 59, 59, 61, 62, 68, 69, 70, 71, 71, 72, 72, 73, 73, 74, 74, 75, 75, 76, 78, 78, 79, 79, 81, 81, 82, 83, 84, 84, 84, 85, 85, 88, 88, 89, 89, 90, 90, 90, 91, 92, 92, 93, 93, 94, 98 INCR=1
98 93 82 83 89 11 91 88 48 34 98 14 37 84 16 4 45 74 76 33 79 89 10 26 72 73 59 42 56 3 57 42 51 71 5 44 18 48 84 90 50 88 46 75 85 92 35 40 48 72 10 69 68 75 54 58 9 50 81 78 17 93 79 71 70 84 54 26 44 36 53 54 94 5 52 73 59 9 52 24 23 61 85 24 90 90 30 74 78 17 14 92 24 29 56 62 81 5 24 SEQ=CIURA
98 3, 4, 5, 5, 5, 9, 9, 10, 10, 11, 14, 14, 16, 17, 17, 18, 23, 24, 24, 24, 24, 26, 26, 29, 30, 33, 34, 35, 36, 37, 40, 42, 42, 44, 44, 45, 46, 48, 48, 48, 50, 50, 51, 52, 52, 53, 54, 54, 54, 56, 56, 57, 58, 59, 59, 61, 62, 68, 69, 70, 71, 71, 72, 72, 73, 73, 74, 74, 75, 75, 76, 78, 78, 79, 79, 81, 81, 82, 83, 84, 84, 84, 85, 85, 88, 88, 89, 89, 90, 90, 90, 91, 92, 92, 93, 93, 94, 98 INCR=57
98 3, 4, 5, 5, 5, 9, 9, 10, 10, 11, 14, 14, 16, 17, 17, 18, 23, 24, 24, 24, 24, 26, 26, 29, 30, 33, 34, 35, 36, 37, 40, 42, 42, 44, 44, 45, 46, 48, 48, 48, 50, 50, 51, 52, 52, 53, 54, 54, 54, 56, 56, 57, 58, 59, 59, 61, 62, 68, 69, 70, 71, 71, 72, 72, 73, 73, 74, 74, 75, 75, 76, 78, 78, 79, 79, 81, 81, 82, 83, 84, 84, 84, 85, 85, 88, 88, 89, 89, 90, 90, 90, 91, 92, 92, 93, 93, 94, 98 INCR=23
98 3, 4, 5, 5, 5, 9, 9, 10, 10, 11, 14, 14, 16, 17, 17, 18, 23, 24, 24, 24, 24, 26, 26, 29, 30, 33, 34, 35, 36, 37, 40, 42, 42, 44, 44, 45, 46, 48, 48, 48, 50, 50, 51, 52, 52, 53, 54, 54, 54, 56, 56, 57, 58, 59, 59, 61, 62, 68, 69, 70, 71, 71, 72, 72, 73, 73, 74, 74, 75, 75, 76, 78, 78, 79, 79, 81, 81, 82, 83, 84, 84, 84, 85, 85, 88, 88, 89, 89, 90, 90, 90, 91, 92, 92, 93, 93, 94, 98 INCR=10
98 3, 4, 5, 5, 5, 9, 9, 10, 10, 11, 14, 14, 16, 17, 17, 18, 23, 24, 24, 24, 24, 26, 26, 29, 30, 33, 34, 35, 36, 37, 40, 42, 42, 44, 44, 45, 46, 48, 48, 48, 50, 50, 51, 52, 52, 53, 54, 54, 54, 56, 56, 57, 58, 59, 59, 61, 62, 68, 69, 70, 71, 71, 72, 72, 73, 73, 74, 74, 75, 75, 76, 78, 78, 79, 79, 81, 81, 82, 83, 84, 84, 84, 85, 85, 88, 88, 89, 89, 90, 90, 90, 91, 92, 92, 93, 93, 94, 98 INCR=4
98 3, 4, 5, 5, 5, 9, 9, 10, 10, 11, 14, 14, 16, 17, 17, 18, 23, 24, 24, 24, 24, 26, 26, 29, 30, 33, 34, 35, 36, 37, 40, 42, 42, 44, 44, 45, 46, 48, 48, 48, 50, 50, 51, 52, 52, 53, 54, 54, 54, 56, 56, 57, 58, 59, 59, 61, 62, 68, 69, 70, 71, 71, 72, 72, 73, 73, 74, 74, 75, 75, 76, 78, 78, 79, 79, 81, 81, 82, 83, 84, 84, 84, 85, 85, 88, 88, 89, 89, 90, 90, 90, 91, 92, 92, 93, 93, 94, 98 INCR=1
